1 2 37 3013
1 2 45 6171
1 2 45 9155
1 2 49 9051
1 2 53 137
1 2 66 9156
1 2 67 9073
1 2 67 9167
1 2 72 3157
1 2 72 9130
1 2 72 9187
1 2 87 7330
1 2 87 11089
1 2 89 138
1 2 89 11071
1 2 93 3085
1 2 93 11093
1 2 104 4640
1 2 104 11186
1 2 105 10207
1 2 108 6202
1 2 108 7330
1 2 124 6087
1 2 124 11125
1 2 124 11164
1 2 125 9051
1 2 125 9151
1 2 128 6107
1 2 128 9128
1 2 129 3085
1 2 129 3124
1 2 130 205
1 2 130 9088
1 2 130 11129
1 2 136 11141
1 2 137 3049
1 2 137 11101
1 2 156 9193
1 2 158 11081
1 2 158 11121
1 2 165 3013
1 2 169 3117
1 2 169 9094
1 2 173 3048
1 2 173 6214
1 2 182 3113
1 2 182 9088
1 2 191 1817
1 2 192 3034
1 2 192 3145
1 2 195 9156
1 2 195 11121
1 2 195 11132
1 2 197 3156
1 2 216 360
1 2 241 11360
1 2 242 363
1 2 242 9251
1 2 252 346
1 2 252 9345
1 2 271 11253
1 2 279 334
1 2 284 6385
1 2 285 11237
1 2 290 9544
1 2 291 1278
1 2 291 6285
1 2 299 363
1 2 303 3342
1 2 303 11287
1 2 307 1821
1 2 307 12102
1 2 308 6381
1 2 308 9501
1 2 310 6459
1 2 310 7482
1 2 311 3301
1 2 317 11251
1 2 318 347
1 2 318 6359
1 2 321 11305
1 2 322 3287
1 2 346 6269
1 2 347 400
1 2 347 11301
1 2 360 3759
1 2 363 11215
1 2 377 407
1 2 382 3236
1 2 385 3242
1 2 392 6294
1 2 396 11351
1 2 399 3341
1 2 400 6281
1 2 402 9544
1 2 406 11391
1 2 414 6455
1 2 415 592
1 2 415 3298
1 2 415 11202
1 2 418 11397
1 2 422 3412
1 2 422 9454
1 2 434 11409
1 2 438 11427
1 2 441 6593
1 2 441 9568
1 2 442 11413
1 2 442 11430
1 2 453 9463
1 2 469 9414
1 2 469 11432
1 2 476 3457
1 2 476 6455
1 2 476 9435
1 2 485 11563
1 2 491 9454
1 2 491 11411
1 2 491 11479
1 2 496 3074
1 2 496 3152
1 2 496 6381
1 2 496 9079
1 2 502 3491
1 2 515 3010
1 2 515 6726
1 2 519 11499
1 2 525 3543
1 2 527 9495
1 2 527 9550
1 2 538 6582
1 2 540 6526
1 2 556 5025
1 2 557 9527
1 2 558 3580
1 2 558 9518
1 2 560 3496
1 2 560 9520
1 2 561 3299
1 2 561 6540
1 2 561 11544
1 2 564 3355
1 2 564 11533
1 2 565 9716
1 2 574 11561
1 2 574 11683
1 2 577 3407
1 2 579 6454
1 2 581 3537
1 2 581 3550
1 2 591 11901
1 2 591 13252
1 2 592 9221
1 2 596 9596
1 2 596 9646
1 2 599 6626
1 2 599 13252
1 2 603 9582
1 2 607 3780
1 2 611 3782
1 2 620 3626
1 2 624 9595
1 2 624 11581
1 2 637 3639
1 2 637 6652
1 2 651 3626
1 2 653 3673
1 2 653 9646
1 2 657 9614
1 2 657 9635
1 2 658 9600
1 2 658 11601
1 2 660 3639
1 2 663 11601
1 2 665 9646
1 2 670 3672
1 2 670 9628
1 2 673 9633
1 2 681 1504
1 2 681 9639
1 2 684 9660
1 2 684 11646
1 2 686 6720
1 2 686 11627
1 2 697 5199
1 2 697 8054
1 2 704 9527
1 2 708 6540
1 2 710 9713
1 2 713 746
1 2 713 11659
1 2 719 3760
1 2 726 9699
1 2 732 9665
1 2 739 1504
1 2 739 12189
1 2 746 6571
1 2 746 9706
1 2 763 11571
1 2 772 3658
1 2 772 11599
1 2 775 6781
1 2 778 11573
1 2 780 6784
1 2 789 11853
1 2 790 3816
1 2 790 13223
1 2 793 965
1 2 833 3865
1 2 846 9831
1 2 846 11771
1 2 853 8115
1 2 854 6927
1 2 854 9764
1 2 858 3938
1 2 863 1205
1 2 867 3882
1 2 869 6807
1 2 869 11792
1 2 875 6744
1 2 876 9860
1 2 876 11759
1 2 876 11797
1 2 885 13226
1 2 893 11813
1 2 895 11818
1 2 896 939
1 2 898 6822
1 2 904 11866
1 2 909 3951
1 2 909 6877
1 2 912 9790
1 2 912 11835
1 2 914 11767
1 2 919 3903
1 2 919 11826
1 2 925 6926
1 2 930 4633
1 2 930 9831
1 2 934 6852
1 2 934 9835
1 2 935 3908
1 2 937 982
1 2 937 9849
1 2 939 3874
1 2 953 9894
1 2 953 11899
1 2 957 6989
1 2 962 4098
1 2 962 6959
1 2 966 11786
1 2 970 980
1 2 970 9869
1 2 970 11805
1 2 980 3866
1 2 982 11741
1 2 988 10883
1 2 988 10951
1 2 989 7116
1 2 994 11990
1 2 1003 12040
1 2 1004 11931
1 2 1010 4141
1 2 1010 10763
1 2 1015 4017
1 2 1020 11949
1 2 1029 1124
1 2 1036 1628
1 2 1036 4619
1 2 1047 7108
1 2 1048 10094
1 2 1052 12043
1 2 1055 7086
1 2 1062 11954
1 2 1062 12079
1 2 1063 12056
1 2 1064 11999
1 2 1064 12071
1 2 1065 13397
1 2 1068 4055
1 2 1068 7188
1 2 1070 11990
1 2 1071 11910
1 2 1080 7188
1 2 1080 12002
1 2 1083 4203
1 2 1083 11937
1 2 1086 7107
1 2 1086 13395
1 2 1087 4152
1 2 1087 12077
1 2 1089 4001
1 2 1089 4091
1 2 1091 11959
1 2 1091 12068
1 2 1092 7050
1 2 1094 4169
1 2 1094 7086
1 2 1096 7058
1 2 1096 11991
1 2 1104 7105
1 2 1109 7127
1 2 1112 10099
1 2 1112 11922
1 2 1124 4181
1 2 1124 7055
1 2 1130 13078
1 2 1136 12031
1 2 1144 4064
1 2 1144 10118
1 2 1148 10036
1 2 1155 11922
1 2 1155 12049
1 2 1156 3857
1 2 1156 4014
1 2 1156 4159
1 2 1164 9940
1 2 1164 12058
1 2 1166 4169
1 2 1166 11986
1 2 1176 7068
1 2 1176 11956
1 2 1180 10421
1 2 1186 12079
1 2 1186 13078
1 2 1194 10070
1 2 1194 10113
1 2 1200 4205
1 2 1200 7105
1 2 1208 12905
1 2 1221 10265
1 2 1222 10954
1 2 1222 12123
1 2 1222 12931
1 2 1229 1418
1 2 1229 4369
1 2 1234 4241
1 2 1234 4427
1 2 1253 1488
1 2 1253 7312
1 2 1278 1305
1 2 1283 12484
1 2 1284 7433
1 2 1284 12291
1 2 1305 4354
1 2 1308 4388
1 2 1308 10158
1 2 1319 8023
1 2 1330 10154
1 2 1362 1390
1 2 1362 9988
1 2 1362 12332
1 2 1367 4925
1 2 1369 7822
1 2 1369 12631
1 2 1373 4364
1 2 1373 12212
1 2 1374 1563
1 2 1374 4539
1 2 1375 4333
1 2 1375 10633
1 2 1377 4299
1 2 1384 1919
1 2 1386 7223
1 2 1386 12249
1 2 1387 4209
1 2 1387 4824
1 2 1387 12102
1 2 1390 1520
1 2 1396 4401
1 2 1396 12288
1 2 1403 4336
1 2 1415 4423
1 2 1415 7275
1 2 1418 1680
1 2 1421 4399
1 2 1424 4285
1 2 1424 4432
1 2 1424 7304
1 2 1427 10250
1 2 1427 12122
1 2 1449 5163
1 2 1459 10660
1 2 1459 11687
1 2 1463 5014
1 2 1463 7604
1 2 1463 12476
1 2 1464 12332
1 2 1468 4556
1 2 1479 1614
1 2 1479 4618
1 2 1479 10395
1 2 1489 7674
1 2 1489 10397
1 2 1492 4585
1 2 1492 7469
1 2 1493 7618
1 2 1517 4563
1 2 1519 4174
1 2 1519 10421
1 2 1520 4539
1 2 1525 1553
1 2 1525 7455
1 2 1529 1542
1 2 1529 4548
1 2 1529 5156
1 2 1530 6671
1 2 1536 12434
1 2 1542 12396
1 2 1545 1732
1 2 1545 10463
1 2 1550 7546
1 2 1550 7590
1 2 1554 4499
1 2 1557 10936
1 2 1557 12382
1 2 1563 7426
1 2 1563 10453
1 2 1564 7834
1 2 1564 10370
1 2 1568 7621
1 2 1568 12394
1 2 1573 10671
1 2 1573 12161
1 2 1588 4506
1 2 1588 12485
1 2 1588 12618
1 2 1591 4224
1 2 1591 4845
1 2 1596 12409
1 2 1596 12494
1 2 1599 4534
1 2 1599 9702
1 2 1607 4585
1 2 1607 7603
1 2 1608 7674
1 2 1608 10372
1 2 1608 12448
1 2 1609 4616
1 2 1609 10077
1 2 1613 12468
1 2 1613 12481
1 2 1613 12496
1 2 1614 12465
1 2 1615 4464
1 2 1615 7480
1 2 1628 3992
1 2 1636 4755
1 2 1641 12481
1 2 1649 7618
1 2 1649 12161
1 2 1659 1880
1 2 1659 12630
1 2 1668 10680
1 2 1680 10633
1 2 1684 3169
1 2 1690 10327
1 2 1690 12124
1 2 1693 1732
1 2 1693 12548
1 2 1709 7800
1 2 1709 10696
1 2 1747 3750
1 2 1747 4820
1 2 1753 3708
1 2 1758 8083
1 2 1758 10909
1 2 1761 7759
1 2 1761 7854
1 2 1762 4797
1 2 1762 4837
1 2 1769 7899
1 2 1769 11571
1 2 1770 12418
1 2 1772 7871
1 2 1772 10598
1 2 1776 7873
1 2 1776 12537
1 2 1779 1794
1 2 1779 4800
1 2 1792 4737
1 2 1792 7759
1 2 1794 11410
1 2 1806 7904
1 2 1817 1929
1 2 1817 12907
1 2 1819 4006
1 2 1826 7751
1 2 1826 7854
1 2 1827 3869
1 2 1831 11971
1 2 1836 3750
1 2 1847 7873
1 2 1847 12618
1 2 1854 7779
1 2 1854 12676
1 2 1874 10929
1 2 1874 12963
1 2 1876 4818
1 2 1876 7841
1 2 1880 4754
1 2 1882 4536
1 2 1882 8018
1 2 1891 1932
1 2 1900 2021
1 2 1909 8008
1 2 1909 12858
1 2 1910 4979
1 2 1919 11687
1 2 1920 8073
1 2 1920 10840
1 2 1927 12341
1 2 1927 12782
1 2 1929 9986
1 2 1932 12900
1 2 1939 6020
1 2 1944 12772
1 2 1950 10951
1 2 1951 12785
1 2 1970 2015
1 2 1972 4975
1 2 1982 8040
1 2 1982 10922
1 2 1983 4299
1 2 1983 4386
1 2 1984 13241
1 2 1995 7916
1 2 1995 12788
1 2 1997 10855
1 2 1997 12772
1 2 1999 4999
1 2 1999 12724
1 2 2003 2088
1 2 2003 12725
1 2 2009 4954
1 2 2009 13243
1 2 2013 7513
1 2 2013 12413
1 2 2015 7949
1 2 2016 7925
1 2 2017 2078
1 2 2018 5049
1 2 2018 8002
1 2 2021 10889
1 2 2021 12867
1 2 2024 9986
1 2 2026 4928
1 2 2026 5067
1 2 2033 5037
1 2 2035 4980
1 2 2035 10874
1 2 2038 2094
1 2 2048 7960
1 2 2048 8108
1 2 2049 5035
1 2 2049 12842
1 2 2050 10919
1 2 2050 12900
1 2 2056 12707
1 2 2060 10769
1 2 2060 12811
1 2 2064 7987
1 2 2064 10097
1 2 2065 8040
1 2 2067 7294
1 2 2067 10841
1 2 2072 13236
1 2 2072 13237
1 2 2074 12864
1 2 2075 10728
1 2 2078 5064
1 2 2080 6039
1 2 2088 12723
1 2 2088 12881
1 2 2089 7953
1 2 2094 7959
1 2 2100 7972
1 2 2100 12858
1 2 2103 8002
1 2 2106 5213
1 2 2106 12922
1 2 2120 5155
1 2 2120 12935
1 2 2132 2228
1 2 2132 5107
1 2 2150 2228
1 2 2150 5220
1 2 2150 10984
1 2 2152 2209
1 2 2156 8199
1 2 2161 5118
1 2 2161 10961
1 2 2172 5213
1 2 2172 8187
1 2 2192 8193
1 2 2192 8207
1 2 2192 12975
1 2 2195 2209
1 2 2195 10973
1 2 2196 8205
1 2 2197 5195
1 2 2203 2211
1 2 2203 5195
1 2 2209 11023
1 2 2210 13286
1 2 2210 13288
1 2 2212 2226
1 2 2212 12969
1 2 2218 8140
1 2 2218 10931
1 2 2220 4941
1 2 2220 9962
1 2 2224 11001
1 2 2227 5168
1 2 2227 10933
1 2 3010 7766
1 2 3034 3132
1 2 3049 9296
1 2 3053 3120
1 2 3053 9408
1 2 3054 3104
1 2 3054 11155
1 2 3058 3082
1 2 3058 6130
1 2 3058 11050
1 2 3061 11056
1 2 3062 6161
1 2 3063 9054
1 2 3064 3065
1 2 3064 11061
1 2 3065 9130
1 2 3065 11089
1 2 3072 6035
1 2 3072 6197
1 2 3072 11068
1 2 3073 6045
1 2 3074 3174
1 2 3076 6706
1 2 3076 9635
1 2 3082 6107
1 2 3083 9094
1 2 3095 11155
1 2 3104 9108
1 2 3107 6142
1 2 3107 9112
1 2 3110 6035
1 2 3110 9060
1 2 3113 6132
1 2 3120 11186
1 2 3122 6013
1 2 3122 11065
1 2 3124 11213
1 2 3125 9104
1 2 3132 9126
1 2 3137 9167
1 2 3137 11066
1 2 3140 9060
1 2 3140 9184
1 2 3142 9082
1 2 3142 9184
1 2 3145 6130
1 2 3147 6192
1 2 3147 10207
1 2 3150 6300
1 2 3150 11306
1 2 3156 6045
1 2 3156 9112
1 2 3157 9199
1 2 3158 6142
1 2 3158 6183
1 2 3169 4774
1 2 3172 9156
1 2 3172 11065
1 2 3206 6364
1 2 3235 9287
1 2 3236 9366
1 2 3242 3379
1 2 3254 6281
1 2 3255 9246
1 2 3272 6296
1 2 3272 11312
1 2 3273 6385
1 2 3277 3341
1 2 3277 6364
1 2 3277 11251
1 2 3280 11223
1 2 3287 11253
1 2 3288 3337
1 2 3288 6314
1 2 3292 6262
1 2 3298 11302
1 2 3307 9251
1 2 3309 6359
1 2 3320 9274
1 2 3320 9404
1 2 3334 6294
1 2 3337 6229
1 2 3338 9041
1 2 3342 9310
1 2 3351 3380
1 2 3351 9346
1 2 3355 9509
1 2 3397 6488
1 2 3397 11417
1 2 3407 3577
1 2 3407 6584
1 2 3412 9520
1 2 3414 6590
1 2 3423 9575
1 2 3423 11560
1 2 3448 6900
1 2 3448 11767
1 2 3473 9496
1 2 3496 11503
1 2 3507 9568
1 2 3507 11453
1 2 3513 7255
1 2 3520 9542
1 2 3524 11533
1 2 3525 6222
1 2 3525 6322
1 2 3535 9471
1 2 3537 11522
1 2 3543 9568
1 2 3545 9570
1 2 3546 3560
1 2 3546 13011
1 2 3548 9706
1 2 3550 3581
1 2 3557 11397
1 2 3557 11504
1 2 3559 6484
1 2 3564 10472
1 2 3564 12320
1 2 3564 13378
1 2 3565 6573
1 2 3565 9706
1 2 3576 9536
1 2 3577 9716
1 2 3578 11523
1 2 3585 6418
1 2 3594 11593
1 2 3617 11787
1 2 3618 9453
1 2 3653 7454
1 2 3668 3682
1 2 3668 4463
1 2 3672 3682
1 2 3673 3674
1 2 3679 3692
1 2 3679 11640
1 2 3682 6701
1 2 3686 6704
1 2 3689 9668
1 2 3689 11672
1 2 3692 6712
1 2 3700 6720
1 2 3708 12586
1 2 3712 3732
1 2 3712 6732
1 2 3729 11707
1 2 3732 7462
1 2 3734 3760
1 2 3734 6768
1 2 3741 9716
1 2 3741 11672
1 2 3759 9304
1 2 3768 6784
1 2 3772 11723
1 2 3772 11891
1 2 3782 9741
1 2 3782 11570
1 2 3790 3866
1 2 3790 6880
1 2 3795 8123
1 2 3796 9610
1 2 3798 6996
1 2 3810 3930
1 2 3816 6901
1 2 3833 3865
1 2 3844 3973
1 2 3852 3981
1 2 3852 11878
1 2 3857 10074
1 2 3866 6933
1 2 3869 10535
1 2 3869 10640
1 2 3881 9873
1 2 3882 11832
1 2 3885 6926
1 2 3903 6950
1 2 3910 6831
1 2 3910 9794
1 2 3914 9805
1 2 3914 11786
1 2 3924 3943
1 2 3924 11816
1 2 3927 9929
1 2 3930 9925
1 2 3933 6756
1 2 3936 6990
1 2 3943 11901
1 2 3945 11870
1 2 3962 7532
1 2 3976 9752
1 2 3981 6928
1 2 3983 6945
1 2 3992 9984
1 2 4001 4148
1 2 4006 12549
1 2 4006 13061
1 2 4017 4562
1 2 4017 7176
1 2 4032 4190
1 2 4050 4207
1 2 4050 7108
1 2 4052 9790
1 2 4052 10065
1 2 4056 7121
1 2 4073 12049
1 2 4075 10129
1 2 4075 12048
1 2 4078 7211
1 2 4086 7121
1 2 4086 10085
1 2 4086 12089
1 2 4088 11970
1 2 4097 10013
1 2 4097 12100
1 2 4098 10024
1 2 4103 7121
1 2 4103 9936
1 2 4108 4139
1 2 4108 7203
1 2 4113 10042
1 2 4113 11961
1 2 4126 10085
1 2 4126 10110
1 2 4139 10023
1 2 4147 7190
1 2 4147 12090
1 2 4148 10008
1 2 4165 4207
1 2 4165 9938
1 2 4169 4196
1 2 4169 10042
1 2 4174 12300
1 2 4175 7603
1 2 4175 7909
1 2 4177 7137
1 2 4177 10004
1 2 4202 7190
1 2 4202 12404
1 2 4203 9959
1 2 4206 13395
1 2 4209 12521
1 2 4215 10224
1 2 4215 10256
1 2 4216 7443
1 2 4216 12905
1 2 4224 12583
1 2 4245 10077
1 2 4282 12186
1 2 4289 4329
1 2 4289 7409
1 2 4305 7379
1 2 4305 12291
1 2 4311 10256
1 2 4315 4344
1 2 4329 7349
1 2 4336 12127
1 2 4340 7357
1 2 4340 12229
1 2 4344 7244
1 2 4345 4417
1 2 4346 7349
1 2 4346 12995
1 2 4357 12103
1 2 4364 12268
1 2 4368 10167
1 2 4368 12213
1 2 4369 7357
1 2 4369 12257
1 2 4386 4987
1 2 4386 7064
1 2 4388 12220
1 2 4390 4608
1 2 4390 12293
1 2 4396 7443
1 2 4396 8091
1 2 4399 7389
1 2 4400 6246
1 2 4400 6278
1 2 4401 7347
1 2 4417 10320
1 2 4423 10167
1 2 4425 10920
1 2 4427 10300
1 2 4432 7379
1 2 4435 8010
1 2 4458 7495
1 2 4464 7524
1 2 4476 7546
1 2 4476 10374
1 2 4477 4614
1 2 4499 4618
1 2 4501 7446
1 2 4504 10763
1 2 4506 4633
1 2 4512 11759
1 2 4516 10751
1 2 4536 10490
1 2 4536 10750
1 2 4536 12815
1 2 4548 10405
1 2 4556 4584
1 2 4563 10406
1 2 4584 4696
1 2 4584 4822
1 2 4585 4626
1 2 4585 12404
1 2 4597 10370
1 2 4597 12489
1 2 4598 10484
1 2 4616 11929
1 2 4617 8143
1 2 4617 8242
1 2 4626 12256
1 2 4628 7650
1 2 4628 10459
1 2 4633 7652
1 2 4652 7673
1 2 4668 4865
1 2 4668 10535
1 2 4682 5016
1 2 4685 7317
1 2 4685 7708
1 2 4686 10660
1 2 4686 12397
1 2 4697 7799
1 2 4697 10623
1 2 4704 7732
1 2 4705 7751
1 2 4709 10545
1 2 4709 12656
1 2 4714 4788
1 2 4714 4823
1 2 4724 10639
1 2 4737 7828
1 2 4739 11440
1 2 4745 7743
1 2 4745 13150
1 2 4750 7841
1 2 4750 10664
1 2 4754 4824
1 2 4756 7422
1 2 4756 7480
1 2 4757 7834
1 2 4774 7796
1 2 4777 7799
1 2 4777 12520
1 2 4780 7800
1 2 4780 12521
1 2 4783 8102
1 2 4783 10899
1 2 4788 12656
1 2 4789 7789
1 2 4789 12631
1 2 4792 12557
1 2 4792 12665
1 2 4794 4820
1 2 4794 10640
1 2 4801 4862
1 2 4801 12605
1 2 4810 10598
1 2 4810 12518
1 2 4812 10688
1 2 4812 12687
1 2 4818 12563
1 2 4822 12692
1 2 4831 7805
1 2 4831 10607
1 2 4837 10528
1 2 4845 10619
1 2 4859 10607
1 2 4860 7779
1 2 4862 7885
1 2 4862 12533
1 2 4866 7274
1 2 4866 7757
1 2 4878 10641
1 2 4878 12634
1 2 4887 8032
1 2 4887 12755
1 2 4893 10476
1 2 4904 4965
1 2 4904 12867
1 2 4925 12141
1 2 4927 5045
1 2 4928 8031
1 2 4932 8051
1 2 4932 8108
1 2 4941 12907
1 2 4948 5034
1 2 4948 7972
1 2 4954 13242
1 2 4959 12832
1 2 4959 13312
1 2 4961 7925
1 2 4961 10900
1 2 4973 8042
1 2 4979 10173
1 2 4979 10887
1 2 4980 13277
1 2 4983 5067
1 2 4986 10854
1 2 4989 7972
1 2 4993 10760
1 2 4993 10904
1 2 4999 10841
1 2 5008 5214
1 2 5008 10934
1 2 5008 13277
1 2 5010 10734
1 2 5010 13239
1 2 5010 13242
1 2 5013 7983
1 2 5013 10803
1 2 5016 7949
1 2 5016 8042
1 2 5029 7491
1 2 5031 5100
1 2 5031 10899
1 2 5031 12776
1 2 5033 5080
1 2 5035 8077
1 2 5043 8066
1 2 5043 10782
1 2 5045 8008
1 2 5045 12794
1 2 5046 7203
1 2 5046 8111
1 2 5046 12857
1 2 5049 7960
1 2 5064 5105
1 2 5065 12840
1 2 5065 12991
1 2 5067 10922
1 2 5068 12757
1 2 5080 8059
1 2 5082 12769
1 2 5092 7301
1 2 5092 12408
1 2 5097 13242
1 2 5104 10324
1 2 5105 8098
1 2 5112 10513
1 2 5117 12925
1 2 5118 5169
1 2 5120 8252
1 2 5120 13290
1 2 5121 12954
1 2 5121 12984
1 2 5131 13303
1 2 5139 8207
1 2 5148 12987
1 2 5151 12947
1 2 5153 10984
1 2 5155 5199
1 2 5156 8181
1 2 5165 10973
1 2 5166 5202
1 2 5166 8191
1 2 5167 7553
1 2 5167 10513
1 2 5169 12954
1 2 5173 12952
1 2 5177 8245
1 2 5177 12935
1 2 5199 5221
1 2 5201 5215
1 2 5210 10976
1 2 5215 8218
1 2 5217 8214
1 2 5218 8242
1 2 5218 10984
1 2 5220 12853
1 2 5220 12933
1 2 5220 12999
1 2 5232 13335
1 2 6012 6183
1 2 6012 9140
1 2 6020 10962
1 2 6020 10976
1 2 6033 6156
1 2 6033 11141
1 2 6039 10831
1 2 6078 9104
1 2 6078 9219
1 2 6078 11141
1 2 6082 9206
1 2 6082 11056
1 2 6083 6161
1 2 6083 9108
1 2 6087 9112
1 2 6092 9064
1 2 6092 9116
1 2 6103 11253
1 2 6106 9082
1 2 6106 11159
1 2 6108 11105
1 2 6108 11211
1 2 6124 6171
1 2 6127 9193
1 2 6131 9060
1 2 6131 11093
1 2 6132 9220
1 2 6141 11144
1 2 6151 9036
1 2 6156 9061
1 2 6161 9220
1 2 6184 9036
1 2 6184 11101
1 2 6192 9041
1 2 6202 9155
1 2 6214 9126
1 2 6222 9340
1 2 6229 9357
1 2 6229 9483
1 2 6232 11453
1 2 6235 6364
1 2 6241 6286
1 2 6241 9363
1 2 6246 6285
1 2 6248 9258
1 2 6248 11309
1 2 6281 9274
1 2 6281 13206
1 2 6286 6336
1 2 6286 9335
1 2 6287 6393
1 2 6296 9357
1 2 6307 9259
1 2 6307 9402
1 2 6313 9310
1 2 6339 6502
1 2 6339 9365
1 2 6341 6398
1 2 6375 9346
1 2 6415 9520
1 2 6415 11528
1 2 6421 11417
1 2 6449 9550
1 2 6454 9540
1 2 6484 9544
1 2 6496 6500
1 2 6496 9498
1 2 6500 11562
1 2 6557 9454
1 2 6566 9540
1 2 6566 9565
1 2 6571 9563
1 2 6584 6761
1 2 6613 11593
1 2 6647 9595
1 2 6647 11577
1 2 6650 9596
1 2 6670 9608
1 2 6670 11625
1 2 6675 9630
1 2 6675 9633
1 2 6675 11598
1 2 6682 9656
1 2 6696 6974
1 2 6704 9677
1 2 6726 11440
1 2 6727 11670
1 2 6734 9689
1 2 6768 6781
1 2 6768 9709
1 2 6784 11573
1 2 6813 9893
1 2 6822 11878
1 2 6832 6948
1 2 6877 11860
1 2 6889 9821
1 2 6889 11816
1 2 6899 11648
1 2 6899 11800
1 2 6901 9840
1 2 6902 9925
1 2 6904 9843
1 2 6906 6959
1 2 6913 9809
1 2 6919 6950
1 2 6925 11844
1 2 6928 10083
1 2 6936 9870
1 2 6936 11825
1 2 6940 9849
1 2 6940 9890
1 2 6945 11907
1 2 6946 9907
1 2 6974 8083
1 2 6979 11998
1 2 6983 11572
1 2 6989 9762
1 2 6996 9787
1 2 6998 9602
1 2 6998 11583
1 2 7005 12000
1 2 7015 9948
1 2 7015 12048
1 2 7019 12408
1 2 7050 11985
1 2 7055 12045
1 2 7058 9974
1 2 7064 10751
1 2 7068 9979
1 2 7069 10070
1 2 7070 9981
1 2 7070 10065
1 2 7070 10083
1 2 7071 11986
1 2 7073 10097
1 2 7073 12071
1 2 7081 11953
1 2 7087 10100
1 2 7097 13143
1 2 7105 10000
1 2 7107 7151
1 2 7107 13397
1 2 7116 12018
1 2 7117 10127
1 2 7120 7191
1 2 7125 9981
1 2 7125 10036
1 2 7125 12040
1 2 7134 7138
1 2 7134 10047
1 2 7138 10096
1 2 7144 7188
1 2 7144 11974
1 2 7158 12432
1 2 7162 10091
1 2 7162 11921
1 2 7172 7199
1 2 7172 9984
1 2 7174 12019
1 2 7176 11970
1 2 7176 13395
1 2 7186 7214
1 2 7191 11991
1 2 7193 11984
1 2 7202 10047
1 2 7212 10055
1 2 7214 11959
1 2 7222 10008
1 2 7223 12277
1 2 7254 12197
1 2 7255 12155
1 2 7275 7351
1 2 7304 7644
1 2 7312 7559
1 2 7314 12356
1 2 7317 10633
1 2 7322 9453
1 2 7322 12254
1 2 7323 7351
1 2 7323 10265
1 2 7327 12181
1 2 7327 12302
1 2 7329 10227
1 2 7341 7370
1 2 7341 10224
1 2 7347 10204
1 2 7358 12186
1 2 7358 12228
1 2 7361 7644
1 2 7370 12254
1 2 7371 10269
1 2 7371 12171
1 2 7375 12216
1 2 7376 12288
1 2 7381 12249
1 2 7387 10269
1 2 7389 7417
1 2 7401 10256
1 2 7401 12157
1 2 7401 12229
1 2 7408 10250
1 2 7409 12931
1 2 7417 10300
1 2 7422 12735
1 2 7426 10309
1 2 7433 10320
1 2 7446 8023
1 2 7451 10374
1 2 7451 10498
1 2 7455 12366
1 2 7455 12860
1 2 7462 12459
1 2 7469 10920
1 2 7470 11880
1 2 7476 8148
1 2 7482 10493
1 2 7491 8099
1 2 7500 10515
1 2 7500 10985
1 2 7524 7552
1 2 7530 12476
1 2 7532 10444
1 2 7544 7559
1 2 7544 12173
1 2 7548 12981
1 2 7553 8181
1 2 7566 12382
1 2 7588 7646
1 2 7597 12397
1 2 7618 8099
1 2 7622 10498
1 2 7631 10507
1 2 7645 10204
1 2 7645 10453
1 2 7646 10343
1 2 7652 10433
1 2 7656 9958
1 2 7660 10484
1 2 7673 12302
1 2 7676 7717
1 2 7676 10623
1 2 7697 7743
1 2 7697 12537
1 2 7702 10545
1 2 7702 10885
1 2 7706 10660
1 2 7706 12583
1 2 7708 12613
1 2 7717 12605
1 2 7732 12656
1 2 7743 10612
1 2 7749 7885
1 2 7749 12612
1 2 7757 12631
1 2 7766 7858
1 2 7769 7902
1 2 7769 10664
1 2 7796 12630
1 2 7828 7902
1 2 7828 12681
1 2 7835 10528
1 2 7835 12644
1 2 7843 12520
1 2 7848 12537
1 2 7865 12553
1 2 7871 12569
1 2 7911 12882
1 2 7912 8019
1 2 7912 10734
1 2 7916 10737
1 2 7925 12806
1 2 7925 12881
1 2 7950 12707
1 2 7950 12851
1 2 7960 10904
1 2 7965 8023
1 2 7971 8102
1 2 7982 13312
1 2 7983 12794
1 2 7987 10900
1 2 7990 10890
1 2 8001 12726
1 2 8010 12860
1 2 8023 12262
1 2 8024 8113
1 2 8024 10736
1 2 8031 12780
1 2 8034 10831
1 2 8034 12900
1 2 8036 13246
1 2 8038 8111
1 2 8042 10885
1 2 8043 12766
1 2 8043 13236
1 2 8049 12356
1 2 8051 13313
1 2 8059 10856
1 2 8066 8098
1 2 8077 9983
1 2 8083 12501
1 2 8091 10269
1 2 8093 12818
1 2 8099 12333
1 2 8113 10855
1 2 8115 11814
1 2 8124 13240
1 2 8127 12776
1 2 8140 12987
1 2 8149 13289
1 2 8149 13290
1 2 8161 11005
1 2 8164 10928
1 2 8164 12941
1 2 8187 8238
1 2 8189 12951
1 2 8198 8218
1 2 8198 10961
1 2 8199 12969
1 2 8205 12967
1 2 8214 12963
1 2 8216 11001
1 2 8217 13301
1 2 8217 13303
1 2 8222 12984
1 2 8238 11007
1 2 8238 12964
1 2 8248 13373
1 2 8251 12984
1 2 9054 11114
1 2 9064 11104
1 2 9073 9183
1 2 9075 11306
1 2 9079 11127
1 2 9084 10139
1 2 9084 12005
1 2 9094 11172
1 2 9109 11380
1 2 9117 11091
1 2 9128 11104
1 2 9131 9199
1 2 9131 11213
1 2 9183 11056
1 2 9187 11071
1 2 9197 11068
1 2 9219 11132
1 2 9219 11144
1 2 9243 9365
1 2 9243 11225
1 2 9246 9438
1 2 9251 9329
1 2 9259 9373
1 2 9287 11234
1 2 9292 12157
1 2 9297 11279
1 2 9303 11287
1 2 9330 11248
1 2 9357 9438
1 2 9366 11242
1 2 9393 11380
1 2 9404 11498
1 2 9408 11202
1 2 9412 9427
1 2 9412 9567
1 2 9412 11398
1 2 9414 11401
1 2 9414 11542
1 2 9432 11523
1 2 9435 11409
1 2 9494 11399
1 2 9501 10493
1 2 9557 11417
1 2 9565 11476
1 2 9575 11435
1 2 9582 11734
1 2 9596 11612
1 2 9606 11787
1 2 9610 9612
1 2 9614 11603
1 2 9616 12553
1 2 9617 11603
1 2 9628 11614
1 2 9639 11765
1 2 9656 11644
1 2 9664 11648
1 2 9664 11654
1 2 9668 9670
1 2 9670 9672
1 2 9674 9691
1 2 9677 9680
1 2 9689 11692
1 2 9691 9694
1 2 9706 11691
1 2 9709 9726
1 2 9726 11696
1 2 9741 11726
1 2 9762 11765
1 2 9772 11824
1 2 9780 9809
1 2 9780 11762
1 2 9783 9919
1 2 9784 9856
1 2 9807 12056
1 2 9823 11759
1 2 9832 11830
1 2 9835 11764
1 2 9849 11762
1 2 9856 10027
1 2 9868 11797
1 2 9870 13226
1 2 9873 11801
1 2 9898 11877
1 2 9914 13255
1 2 9936 10036
1 2 9936 10115
1 2 9943 12034
1 2 9945 10113
1 2 9945 12087
1 2 9961 9988
1 2 9961 10129
1 2 9970 10080
1 2 9983 12000
1 2 9984 11961
1 2 9989 11967
1 2 10013 10113
1 2 10015 10128
1 2 10022 12026
1 2 10034 10076
1 2 10061 11910
1 2 10061 11967
1 2 10068 11761
1 2 10080 11941
1 2 10085 11977
1 2 10091 11969
1 2 10096 10468
1 2 10127 11910
1 2 10136 10314
1 2 10139 10898
1 2 10147 12123
1 2 10147 12484
1 2 10149 10278
1 2 10149 12164
1 2 10154 10283
1 2 10154 12127
1 2 10154 12197
1 2 10199 12186
1 2 10212 12171
1 2 10212 12186
1 2 10221 10250
1 2 10221 12173
1 2 10230 10320
1 2 10243 10300
1 2 10246 12164
1 2 10250 12195
1 2 10260 12995
1 2 10283 12256
1 2 10297 12255
1 2 10311 12226
1 2 10312 12257
1 2 10314 12216
1 2 10320 12149
1 2 10324 11950
1 2 10324 12226
1 2 10327 12214
1 2 10329 11223
1 2 10337 12341
1 2 10344 12256
1 2 10348 10406
1 2 10348 12454
1 2 10362 12496
1 2 10395 12454
1 2 10402 12364
1 2 10402 12394
1 2 10438 12195
1 2 10447 12396
1 2 10472 12441
1 2 10476 12788
1 2 10488 10660
1 2 10490 12732
1 2 10493 11302
1 2 10502 12496
1 2 10507 12300
1 2 10550 10619
1 2 10550 10680
1 2 10580 12563
1 2 10580 12631
1 2 10607 12687
1 2 10639 12563
1 2 10688 12681
1 2 10728 12738
1 2 10729 10772
1 2 10734 13246
1 2 10736 10879
1 2 10737 10781
1 2 10737 10826
1 2 10737 12769
1 2 10737 12831
1 2 10763 11972
1 2 10772 12005
1 2 10781 12248
1 2 10818 10891
1 2 10818 12840
1 2 10826 12763
1 2 10833 12759
1 2 10836 12851
1 2 10837 10922
1 2 10841 12141
1 2 10862 12785
1 2 10873 10890
1 2 10874 12999
1 2 10883 12824
1 2 10885 12864
1 2 10887 12005
1 2 10889 12810
1 2 10891 12814
1 2 10904 13369
1 2 10913 12780
1 2 10919 12843
1 2 10928 12991
1 2 10936 10955
1 2 10953 13305
1 2 10953 13307
1 2 10954 12428
1 2 10955 12906
1 2 10960 13278
1 2 10960 13326
1 2 10962 11145
1 2 10966 12981
1 2 10970 12969
1 2 10976 12941
1 2 10984 12947
1 2 10985 12942
1 2 10988 12967
1 2 10988 13209
1 2 11005 12982
1 2 11005 13307
1 2 11066 11172
1 2 11145 12929
1 2 11238 11287
1 2 11238 11371
1 2 11410 12613
1 2 11411 11427
1 2 11448 12815
1 2 11473 11537
1 2 11564 13252
1 2 11572 11899
1 2 11577 11580
1 2 11583 11586
1 2 11599 11617
1 2 11644 11646
1 2 11644 11659
1 2 11773 11874
1 2 11822 12043
1 2 11824 11874
1 2 11832 11857
1 2 11834 11849
1 2 11837 11998
1 2 11849 11877
1 2 11866 11883
1 2 11901 13376
1 2 11937 12019
1 2 11950 12114
1 2 11956 12038
1 2 11971 12418
1 2 12002 12071
1 2 12005 12754
1 2 12018 12842
1 2 12046 12839
1 2 12122 12220
1 2 12124 12676
1 2 12149 12223
1 2 12154 12193
1 2 12181 12343
1 2 12189 12192
1 2 12192 12263
1 2 12193 12931
1 2 12212 12343
1 2 12237 12931
1 2 12240 12428
1 2 12263 12638
1 2 12277 12293
1 2 12306 12982
1 2 12321 12494
1 2 12321 12982
1 2 12327 12732
1 2 12327 12776
1 2 12331 12448
1 2 12350 13143
1 2 12394 12409
1 2 12413 12839
1 2 12518 12551
1 2 12533 12665
1 2 12548 12618
1 2 12551 12683
1 2 12569 12638
1 2 12589 12692
1 2 12594 12613
1 2 12634 13061
1 2 12702 13313
1 2 12714 12757
1 2 12714 13248
1 2 12723 13250
1 2 12746 12873
1 2 12757 12812
1 2 12759 12814
1 2 12766 13238
1 2 12785 12787
1 2 12785 12843
1 2 12794 12851
1 2 12824 12830
1 2 12925 13365
1 2 12929 12989
1 2 12939 13326
1 2 12939 13335
1 2 12952 13305
1 2 12969 12983
1 2 12978 13309
1 2 12981 13373
1 2 12983 12997
1 2 12986 13209
1 2 12994 13301
1 2 13086 13286
1 2 13237 13250
1 2 13239 13240
1 2 13241 13242
1 2 13243 13244
1 2 13246 13247
1 2 13312 13369
1 2 13397 13398
2 2 121 11205
2 2 122 6145
2 2 159 3150
2 2 159 3273
2 2 170 6021
2 2 170 11045
2 2 176 9162
2 2 176 11045
2 2 200 11136
2 2 219 351
2 2 219 11218
2 2 238 343
2 2 238 6589
2 2 241 309
2 2 241 3326
2 2 247 309
2 2 247 11388
2 2 306 3362
2 2 312 3168
2 2 312 3338
2 2 321 9388
2 2 344 11236
2 2 349 3340
2 2 349 6282
2 2 377 6378
2 2 383 3307
2 2 391 6241
2 2 413 6341
2 2 418 9449
2 2 425 6582
2 2 425 11468
2 2 453 486
2 2 453 11405
2 2 453 11437
2 2 454 9561
2 2 467 3458
2 2 486 502
2 2 488 11454
2 2 514 9535
2 2 519 694
2 2 519 9517
2 2 526 9375
2 2 526 11493
2 2 541 9692
2 2 541 11522
2 2 544 3539
2 2 546 3568
2 2 546 6589
2 2 546 9288
2 2 548 3230
2 2 548 9508
2 2 551 9490
2 2 551 13011
2 2 568 721
2 2 587 3444
2 2 587 3547
2 2 620 3598
2 2 628 9613
2 2 628 11584
2 2 659 3685
2 2 659 6855
2 2 660 690
2 2 660 3663
2 2 678 6529
2 2 690 3689
2 2 692 11653
2 2 694 3679
2 2 717 3698
2 2 729 3744
2 2 729 11692
2 2 740 11688
2 2 758 3761
2 2 763 4426
2 2 763 10605
2 2 771 6788
2 2 772 3653
2 2 789 10472
2 2 789 11753
2 2 792 1108
2 2 797 3609
2 2 797 11741
2 2 804 3862
2 2 804 11747
2 2 806 12473
2 2 819 11803
2 2 863 3973
2 2 866 12439
2 2 866 12752
2 2 883 6843
2 2 883 11803
2 2 911 3928
2 2 911 11834
2 2 919 933
2 2 929 3749
2 2 929 9717
2 2 933 9915
2 2 949 965
2 2 965 9771
2 2 996 7120
2 2 996 11913
2 2 1005 1122
2 2 1069 7160
2 2 1069 12045
2 2 1088 10087
2 2 1088 12473
2 2 1108 4111
2 2 1108 10087
2 2 1122 4127
2 2 1145 4131
2 2 1145 9964
2 2 1160 4163
2 2 1160 11953
2 2 1278 12130
2 2 1346 3629
2 2 1346 6529
2 2 1431 7669
2 2 1431 12326
2 2 1467 11704
2 2 1467 12450
2 2 1480 12381
2 2 1480 12470
2 2 1549 10882
2 2 1549 12387
2 2 1560 1831
2 2 1560 11589
2 2 1565 4543
2 2 1565 12664
2 2 1572 12381
2 2 1572 12439
2 2 1595 4531
2 2 1597 7095
2 2 1599 12309
2 2 1600 1938
2 2 1600 8123
2 2 1600 10106
2 2 1606 1634
2 2 1634 10882
2 2 1801 7826
2 2 1801 10609
2 2 1814 7826
2 2 1821 10133
2 2 1827 10588
2 2 1831 4807
2 2 1843 1913
2 2 1866 4807
2 2 1896 12793
2 2 1908 4149
2 2 1913 12752
2 2 1938 10882
2 2 1952 10172
2 2 2004 7994
2 2 2004 8001
2 2 2097 7994
2 2 2105 4106
2 2 2105 4950
2 2 2152 2194
2 2 2160 5179
2 2 2185 8148
2 2 2185 10432
2 2 2210 5202
2 2 2225 5202
2 2 2225 12997
2 2 3022 6118
2 2 3078 6021
2 2 3078 9055
2 2 3092 9248
2 2 3092 11038
2 2 3093 3096
2 2 3093 6204
2 2 3094 6184
2 2 3094 9204
2 2 3096 6118
2 2 3121 6181
2 2 3121 9162
2 2 3134 11117
2 2 3150 11136
2 2 3168 9248
2 2 3207 6282
2 2 3207 9496
2 2 3235 6400
2 2 3262 9498
2 2 3271 3326
2 2 3271 6263
2 2 3280 7320
2 2 3280 10136
2 2 3283 6462
2 2 3295 3380
2 2 3307 6412
2 2 3331 9289
2 2 3340 9388
2 2 3342 11237
2 2 3342 11293
2 2 3362 6273
2 2 3369 6378
2 2 3426 3578
2 2 3426 11551
2 2 3458 3559
2 2 3494 11454
2 2 3499 6521
2 2 3499 9456
2 2 3506 3669
2 2 3506 9725
2 2 3522 9375
2 2 3526 11818
2 2 3535 6582
2 2 3539 11551
2 2 3547 11470
2 2 3559 11399
2 2 3568 6532
2 2 3569 6562
2 2 3576 6560
2 2 3580 11244
2 2 3583 6590
2 2 3598 6792
2 2 3604 11584
2 2 3609 11586
2 2 3629 11502
2 2 3652 3669
2 2 3652 9642
2 2 3663 9617
2 2 3669 9490
2 2 3698 3717
2 2 3698 6721
2 2 3717 3720
2 2 3729 3744
2 2 3729 9699
2 2 3749 6766
2 2 3761 11692
2 2 3780 6790
2 2 3833 3882
2 2 3833 6886
2 2 3848 6994
2 2 3848 12056
2 2 3856 6945
2 2 3856 11831
2 2 3862 3964
2 2 3884 9914
2 2 3884 11767
2 2 3885 9794
2 2 3885 9879
2 2 3908 3937
2 2 3928 9909
2 2 3937 6923
2 2 3964 6977
2 2 3988 4109
2 2 3988 7211
2 2 4008 4127
2 2 4071 7089
2 2 4071 12045
2 2 4131 13077
2 2 4149 12886
2 2 4163 9994
2 2 4179 7197
2 2 4426 4872
2 2 4437 4531
2 2 4437 6713
2 2 4512 12387
2 2 4570 10999
2 2 4570 12938
2 2 4605 12309
2 2 4609 4901
2 2 4718 10609
2 2 4718 12664
2 2 4727 4799
2 2 4901 12793
2 2 4943 6826
2 2 4943 12773
2 2 5015 10769
2 2 5143 8216
2 2 5168 10939
2 2 5179 12930
2 2 5191 8222
2 2 5223 10931
2 2 5223 12422
2 2 6115 9204
2 2 6145 9170
2 2 6181 9201
2 2 6184 9170
2 2 6204 6216
2 2 6216 9047
2 2 6273 6400
2 2 6282 6334
2 2 6318 11345
2 2 6334 9334
2 2 6341 6369
2 2 6345 9279
2 2 6345 9362
2 2 6369 9394
2 2 6378 7239
2 2 6412 9362
2 2 6423 11437
2 2 6423 11561
2 2 6462 9511
2 2 6464 11467
2 2 6469 6622
2 2 6529 9503
2 2 6536 6548
2 2 6548 6572
2 2 6562 6590
2 2 6583 9418
2 2 6596 11700
2 2 6606 6793
2 2 6606 9752
2 2 6657 9631
2 2 6692 9649
2 2 6692 9674
2 2 6698 9642
2 2 6698 11488
2 2 6703 11625
2 2 6721 9674
2 2 6790 9752
2 2 6792 11565
2 2 6793 9582
2 2 6793 11734
2 2 6814 6842
2 2 6814 6952
2 2 6814 6967
2 2 6826 8123
2 2 6842 9610
2 2 6843 9784
2 2 6864 9799
2 2 6888 6956
2 2 6888 6977
2 2 6923 6952
2 2 6925 11747
2 2 6925 11792
2 2 6935 7470
2 2 6945 10041
2 2 6956 11810
2 2 6967 9919
2 2 7014 10034
2 2 7065 12051
2 2 7065 13077
2 2 7089 10000
2 2 7095 10404
2 2 7097 9999
2 2 7120 10034
2 2 7132 11923
2 2 7153 9979
2 2 7153 10094
2 2 7160 9987
2 2 7169 12056
2 2 7320 10133
2 2 7394 11237
2 2 7470 12376
2 2 8001 13366
2 2 8012 10765
2 2 8047 8252
2 2 8047 12798
2 2 8085 13366
2 2 8089 10730
2 2 8089 12810
2 2 8143 10946
2 2 8143 10998
2 2 8148 12938
2 2 8197 10946
2 2 8197 12422
2 2 8237 11013
2 2 8237 12311
2 2 9047 9170
2 2 9055 11038
2 2 9201 11117
2 2 9245 9394
2 2 9263 11343
2 2 9269 9379
2 2 9269 11297
2 2 9334 9361
2 2 9345 11205
2 2 9345 11236
2 2 9355 11310
2 2 9361 11372
2 2 9375 11468
2 2 9434 11563
2 2 9450 12357
2 2 9452 11399
2 2 9511 11467
2 2 9515 9681
2 2 9515 11653
2 2 9559 11502
2 2 9561 11506
2 2 9575 11470
2 2 9575 11531
2 2 9631 9867
2 2 9699 9703
2 2 9703 11688
2 2 9717 11565
2 2 9784 11837
2 2 9817 11673
2 2 9867 11465
2 2 9879 9907
2 2 9888 9902
2 2 9888 11905
2 2 9893 12473
2 2 9915 11881
2 2 9929 10038
2 2 9929 10041
2 2 9964 12760
2 2 9999 12467
2 2 10041 12013
2 2 10122 12013
2 2 10136 12130
2 2 10444 10512
2 2 10472 12376
2 2 10492 12384
2 2 10492 12470
2 2 10512 12421
2 2 10588 12627
2 2 10747 12703
2 2 10769 12721
2 2 10864 12703
2 2 10864 12790
2 2 10931 12938
2 2 10939 10998
2 2 11241 11353
2 2 11244 11310
2 2 11290 11353
2 2 11488 11516
2 2 11704 12434
2 2 11741 11899
2 2 11774 11905
2 2 11792 11860
2 2 11811 11829
2 2 11923 12760
2 2 11953 12051
2 2 12311 12326
3 2 49 9173
3 2 77 3005
3 2 77 6195
3 2 161 6050
3 2 161 11082
3 2 171 6310
3 2 171 11151
3 2 295 383
3 2 295 3375
3 2 306 3210
3 2 324 3269
3 2 324 11269
3 2 334 9263
3 2 342 3331
3 2 342 3378
3 2 344 3259
3 2 344 9256
3 2 345 3334
3 2 345 6391
3 2 362 3380
3 2 362 9263
3 2 366 11250
3 2 383 6310
3 2 388 6558
3 2 391 3211
3 2 398 3364
3 2 398 6305
3 2 418 6481
3 2 418 6554
3 2 434 6597
3 2 434 11438
3 2 478 9428
3 2 478 9535
3 2 489 6532
3 2 502 3479
3 2 502 11461
3 2 522 3520
3 2 522 9477
3 2 525 3494
3 2 527 3523
3 2 527 11508
3 2 529 6570
3 2 540 3463
3 2 543 732
3 2 543 11525
3 2 552 6595
3 2 552 9570
3 2 553 3523
3 2 553 9578
3 2 556 2022
3 2 571 3299
3 2 571 11544
3 2 650 5191
3 2 663 9638
3 2 688 707
3 2 688 3684
3 2 692 9652
3 2 701 6703
3 2 701 6720
3 2 704 11651
3 2 704 11666
3 2 707 9652
3 2 710 6699
3 2 710 10422
3 2 732 11651
3 2 737 767
3 2 740 6756
3 2 740 13220
3 2 743 6756
3 2 762 780
3 2 762 3762
3 2 767 6596
3 2 770 11721
3 2 770 11723
3 2 771 11723
3 2 771 11726
3 2 773 3776
3 2 773 3780
3 2 776 11570
3 2 776 11726
3 2 780 6613
3 2 788 6943
3 2 805 10861
3 2 805 12486
3 2 819 9826
3 2 871 3799
3 2 871 7213
3 2 896 3986
3 2 910 6875
3 2 910 6946
3 2 923 9826
3 2 923 11882
3 2 924 3798
3 2 931 6954
3 2 931 9925
3 2 956 3959
3 2 956 11834
3 2 975 9932
3 2 975 11894
3 2 992 4055
3 2 992 7164
3 2 1005 12013
3 2 1025 4164
3 2 1046 1058
3 2 1046 9994
3 2 1047 7152
3 2 1047 11941
3 2 1058 1141
3 2 1117 4153
3 2 1140 10754
3 2 1140 10869
3 2 1141 9943
3 2 1147 4064
3 2 1149 4051
3 2 1178 6744
3 2 1178 7183
3 2 1279 4310
3 2 1279 12131
3 2 1296 4275
3 2 1296 4392
3 2 1319 4559
3 2 1320 12214
3 2 1337 4312
3 2 1337 4371
3 2 1377 9951
3 2 1427 4392
3 2 1427 7367
3 2 1427 7408
3 2 1473 4902
3 2 1473 7919
3 2 1500 1528
3 2 1500 10337
3 2 1500 12313
3 2 1509 10442
3 2 1509 12940
3 2 1523 4569
3 2 1523 10457
3 2 1528 1643
3 2 1528 12486
3 2 1562 12461
3 2 1580 12963
3 2 1580 13217
3 2 1597 4152
3 2 1597 7650
3 2 1597 10431
3 2 1599 6671
3 2 1599 12380
3 2 1612 4130
3 2 1612 7596
3 2 1643 4535
3 2 1643 7555
3 2 1643 12313
3 2 1652 4630
3 2 1853 10632
3 2 1853 12609
3 2 1896 4755
3 2 1896 4825
3 2 1952 4956
3 2 1952 12721
3 2 1958 1989
3 2 1958 7041
3 2 1965 8089
3 2 1965 12755
3 2 1989 10107
3 2 1994 4902
3 2 1994 5004
3 2 2007 5026
3 2 2007 8075
3 2 2008 4956
3 2 2008 5052
3 2 2008 12755
3 2 2022 12732
3 2 2037 10830
3 2 2037 10894
3 2 2069 8012
3 2 2069 12833
3 2 2087 10451
3 2 2087 12609
3 2 2097 12046
3 2 2152 11023
3 2 2160 10938
3 2 2162 5166
3 2 2162 12997
3 2 2174 12930
3 2 2174 13302
3 2 2205 5211
3 2 2205 12906
3 2 3005 6147
3 2 3007 9138
3 2 3007 11184
3 2 3063 3375
3 2 3063 6188
3 2 3210 11336
3 2 3221 3389
3 2 3221 6291
3 2 3259 6380
3 2 3269 3334
3 2 3283 3460
3 2 3283 9570
3 2 3292 6315
3 2 3292 11242
3 2 3334 6312
3 2 3335 3364
3 2 3335 6252
3 2 3350 3378
3 2 3352 6327
3 2 3352 6374
3 2 3356 9313
3 2 3378 6344
3 2 3422 3463
3 2 3422 6489
3 2 3444 6469
3 2 3460 6558
3 2 3479 6474
3 2 3479 6519
3 2 3480 6508
3 2 3480 6532
3 2 3491 6519
3 2 3491 6530
3 2 3494 11438
3 2 3520 6481
3 2 3530 6568
3 2 3530 9517
3 2 3534 6547
3 2 3534 9578
3 2 3544 9400
3 2 3552 6572
3 2 3635 3661
3 2 3635 3778
3 2 3653 3656
3 2 3653 11753
3 2 3656 6671
3 2 3661 11585
3 2 3677 6699
3 2 3684 11651
3 2 3714 9932
3 2 3714 11753
3 2 3716 6720
3 2 3716 9692
3 2 3738 11546
3 2 3738 11670
3 2 3738 11703
3 2 3762 11875
3 2 3767 6596
3 2 3767 9571
3 2 3773 6973
3 2 3773 11726
3 2 3775 6797
3 2 3776 9582
3 2 3780 11726
3 2 3798 6924
3 2 3799 6906
3 2 3810 3871
3 2 3810 6948
3 2 3859 13226
3 2 3871 6744
3 2 3925 6943
3 2 3925 10412
3 2 3959 11721
3 2 3960 9829
3 2 3960 10861
3 2 3967 6938
3 2 3967 6995
3 2 3986 6948
3 2 3996 7011
3 2 3996 7164
3 2 4051 7154
3 2 4055 7011
3 2 4055 7117
3 2 4064 9975
3 2 4076 7164
3 2 4079 4158
3 2 4079 10040
3 2 4092 4152
3 2 4092 7152
3 2 4092 11941
3 2 4112 6992
3 2 4128 12775
3 2 4128 13371
3 2 4130 12467
3 2 4135 10094
3 2 4141 6999
3 2 4141 9939
3 2 4153 7169
3 2 4158 9959
3 2 4275 10217
3 2 4293 12238
3 2 4310 10227
3 2 4312 12201
3 2 4315 12146
3 2 4319 4566
3 2 4319 7367
3 2 4367 10313
3 2 4367 12271
3 2 4371 7236
3 2 4408 4566
3 2 4408 12238
3 2 4457 10362
3 2 4457 10502
3 2 4535 7552
3 2 4559 7965
3 2 4590 10457
3 2 4614 7495
3 2 4614 11704
3 2 4619 9959
3 2 4619 12467
3 2 4630 7608
3 2 4740 7904
3 2 4740 12024
3 2 4755 6997
3 2 4801 12686
3 2 4825 11704
3 2 4826 7865
3 2 4826 10305
3 2 4896 7279
3 2 4896 10822
3 2 4898 7935
3 2 4898 8057
3 2 4898 10830
3 2 4946 7921
3 2 4946 8057
3 2 4956 5021
3 2 4983 10873
3 2 4983 12818
3 2 5004 7985
3 2 5004 10884
3 2 5022 6798
3 2 5022 10861
3 2 5032 8100
3 2 5032 10799
3 2 5038 12728
3 2 5052 12873
3 2 5052 13089
3 2 5084 7919
3 2 5084 11108
3 2 5090 10909
3 2 5090 12384
3 2 5103 7904
3 2 5103 8025
3 2 5166 10940
3 2 5171 11000
3 2 5171 12994
3 2 5172 10432
3 2 5172 10980
3 2 5191 8194
3 2 5200 8189
3 2 5200 11023
3 2 5211 10925
3 2 5217 10400
3 2 5217 10525
3 2 5228 8194
3 2 5228 11000
3 2 5230 8157
3 2 5230 8225
3 2 6008 10071
3 2 6008 12830
3 2 6115 11184
3 2 6147 9173
3 2 6188 9209
3 2 6195 9138
3 2 6237 9315
3 2 6245 9256
3 2 6245 11250
3 2 6252 9384
3 2 6257 6389
3 2 6257 9347
3 2 6263 6325
3 2 6263 6377
3 2 6291 11309
3 2 6305 11336
3 2 6312 6374
3 2 6312 9373
3 2 6315 9313
3 2 6320 9392
3 2 6325 9347
3 2 6327 11375
3 2 6332 6402
3 2 6338 11356
3 2 6377 11493
3 2 6389 11331
3 2 6391 11309
3 2 6420 6776
3 2 6420 9571
3 2 6469 6570
3 2 6474 6493
3 2 6474 6776
3 2 6489 9458
3 2 6493 9430
3 2 6508 9477
3 2 6519 9461
3 2 6521 9428
3 2 6530 6554
3 2 6530 11461
3 2 6572 9525
3 2 6595 9535
3 2 6597 11703
3 2 6598 13068
3 2 6613 9590
3 2 6639 6666
3 2 6639 9590
3 2 6666 9622
3 2 6703 9660
3 2 6797 11569
3 2 6798 12728
3 2 6862 6875
3 2 6862 9794
3 2 6890 9825
3 2 6906 9896
3 2 6908 6920
3 2 6912 9887
3 2 6920 6938
3 2 6920 11883
3 2 6924 9817
3 2 6946 6973
3 2 6954 7098
3 2 6968 9829
3 2 6968 12401
3 2 6992 9929
3 2 6995 11881
3 2 6997 12320
3 2 7041 12849
3 2 7069 10023
3 2 7098 7183
3 2 7101 7279
3 2 7101 7434
3 2 7117 7216
3 2 7137 7650
3 2 7154 8061
3 2 7154 10884
3 2 7183 10094
3 2 7216 10869
3 2 7236 12131
3 2 7315 7442
3 2 7315 12214
3 2 7411 10799
3 2 7434 10757
3 2 7442 12155
3 2 7495 7661
3 2 7548 8054
3 2 7548 13371
3 2 7549 8095
3 2 7549 10431
3 2 7555 12401
3 2 7596 10757
3 2 7608 10473
3 2 7791 8014
3 2 7791 10909
3 2 7865 12155
3 2 7921 12873
3 2 7935 12745
3 2 7935 13214
3 2 7985 10754
3 2 8011 8100
3 2 8011 12146
3 2 8012 13214
3 2 8014 10468
3 2 8025 9829
3 2 8054 10538
3 2 8061 8077
3 2 8075 12798
3 2 8077 9943
3 2 8095 9939
3 2 8097 10894
3 2 8097 12745
3 2 8100 12146
3 2 8134 11013
3 2 8134 12926
3 2 8157 10938
3 2 8157 12930
3 2 8225 10940
3 2 9109 9209
3 2 9109 11082
3 2 9315 9379
3 2 9320 11331
3 2 9355 9384
3 2 9355 11368
3 2 9373 11356
3 2 9400 9508
3 2 9417 9430
3 2 9417 11434
3 2 9418 9444
3 2 9418 9559
3 2 9434 9578
3 2 9444 11519
3 2 9461 11434
3 2 9525 11508
3 2 9582 11584
3 2 9587 9618
3 2 9587 11570
3 2 9618 9620
3 2 9620 9622
3 2 9634 10249
3 2 9634 11585
3 2 9794 11882
3 2 9839 13230
3 2 9896 13222
3 2 9904 11846
3 2 9904 11882
3 2 9925 13230
3 2 9929 11917
3 2 9933 11766
3 2 9939 10822
3 2 9951 10794
3 2 9975 11952
3 2 9994 11969
3 2 10015 10100
3 2 10023 10107
3 2 10040 11973
3 2 10071 12775
3 2 10158 10217
3 2 10158 12201
3 2 10227 12255
3 2 10305 12134
3 2 10313 12299
3 2 10391 10717
3 2 10412 10439
3 2 10415 10442
3 2 10415 12589
3 2 10422 12134
3 2 10432 10513
3 2 10439 10468
3 2 10473 12926
3 2 10502 12453
3 2 10515 12453
3 2 10525 12963
3 2 10538 13217
3 2 10632 12686
3 2 10749 10884
3 2 10749 12849
3 2 10769 12835
3 2 10837 12818
3 2 10876 12046
3 2 10925 12910
3 2 10938 12930
3 2 11013 12992
3 2 11108 12830
3 2 11151 11184
3 2 11242 11368
3 2 11269 11393
3 2 11335 11393
3 2 11519 13068
3 2 11569 11585
3 2 11834 11875
3 2 11852 13220
3 2 11852 13226
3 2 11881 11894
3 2 11917 12013
3 2 12255 12271
3 2 12320 12380
3 2 12461 13215
3 2 12721 12835
3 2 12833 13215
3 2 12906 12992
3 2 12940 12963
3 2 12994 13302
3 2 13222 13223
4 2 165 9183
4 2 165 11043
4 2 204 6009
4 2 204 9183
4 2 216 11322
4 2 216 11370
4 2 306 3247
4 2 306 11290
4 2 449 3478
4 2 449 11403
4 2 507 9458
4 2 512 6533
4 2 512 9725
4 2 516 3576
4 2 575 11483
4 2 575 11548
4 2 650 2179
4 2 761 4753
4 2 761 12701
4 2 783 9766
4 2 783 11879
4 2 814 900
4 2 814 3881
4 2 823 12374
4 2 850 7879
4 2 850 11814
4 2 900 6969
4 2 930 4572
4 2 930 11836
4 2 949 3908
4 2 957 11879
4 2 1024 4118
4 2 1024 7169
4 2 1182 4100
4 2 1299 4784
4 2 1299 10249
4 2 1320 7753
4 2 1320 10327
4 2 1330 12127
4 2 1341 4270
4 2 1341 12205
4 2 1349 12269
4 2 1408 4413
4 2 1411 7761
4 2 1411 7858
4 2 1449 2172
4 2 1449 10515
4 2 1562 12374
4 2 1611 7450
4 2 1611 10458
4 2 1737 7761
4 2 1737 7853
4 2 1882 10856
4 2 2061 4210
4 2 2061 7603
4 2 2136 10964
4 2 2136 12978
4 2 2160 12916
4 2 2160 12979
4 2 2172 8169
4 2 2179 10964
4 2 2407 7858
4 2 2407 13075
4 2 2947 7901
4 2 2947 10585
4 2 3273 6320
4 2 3301 11345
4 2 3331 6354
4 2 3331 11322
4 2 3478 3489
4 2 3489 3505
4 2 3505 9504
4 2 3529 9504
4 2 3561 6513
4 2 3576 11483
4 2 3614 3617
4 2 3614 11586
4 2 3617 6643
4 2 3692 11486
4 2 3692 11640
4 2 3851 6871
4 2 3881 11855
4 2 3908 6857
4 2 3942 7513
4 2 3942 7671
4 2 3979 6919
4 2 3979 9932
4 2 4100 7016
4 2 4102 11949
4 2 4112 11848
4 2 4118 7016
4 2 4164 7110
4 2 4164 11925
4 2 4210 7976
4 2 4293 12127
4 2 4293 12317
4 2 4413 7753
4 2 4413 7853
4 2 4572 7663
4 2 4753 10605
4 2 4776 7798
4 2 4776 12932
4 2 4778 9616
4 2 4778 12673
4 2 4784 12701
4 2 5104 7411
4 2 5104 8087
4 2 5143 8169
4 2 5143 10965
4 2 5143 12978
4 2 5148 8189
4 2 6009 11105
4 2 6320 11218
4 2 6335 6384
4 2 6335 6399
4 2 6354 11290
4 2 6399 11332
4 2 6513 11493
4 2 6643 6700
4 2 6700 11625
4 2 6823 6958
4 2 6852 9927
4 2 6852 11855
4 2 6857 6990
4 2 6871 9806
4 2 6908 9806
4 2 6908 11747
4 2 6919 6965
4 2 6958 10343
4 2 6965 7620
4 2 6969 9843
4 2 7110 9950
4 2 7185 10585
4 2 7185 10605
4 2 7187 7217
4 2 7217 10032
4 2 7232 12269
4 2 7232 12295
4 2 7411 12295
4 2 7450 7520
4 2 7513 10383
4 2 7520 12406
4 2 7564 10445
4 2 7603 7647
4 2 7620 9912
4 2 7647 12317
4 2 7663 9913
4 2 7671 9893
4 2 7756 10591
4 2 7756 12607
4 2 7879 10591
4 2 7901 13075
4 2 7965 7976
4 2 7965 12789
4 2 8189 12916
4 2 9315 11345
4 2 9417 11403
4 2 9517 11486
4 2 9523 9725
4 2 9616 12607
4 2 9620 9638
4 2 9638 11640
4 2 9660 11625
4 2 9766 11893
4 2 9799 9887
4 2 9799 11848
4 2 9808 11800
4 2 9893 9912
4 2 9913 9928
4 2 9927 11836
4 2 9928 11893
4 2 10249 12205
4 2 10327 12673
4 2 10343 10412
4 2 10445 10458
4 2 10515 12364
4 2 10772 10843
4 2 10856 12724
4 2 10944 10965
4 2 10944 12979
4 2 11218 11332
4 2 11925 12006
4 2 11949 12006
4 2 12724 12789
4 2 12910 12924
4 2 12924 12932
5 2 49 9117
5 2 49 11147
5 2 109 3062
5 2 109 3138
5 2 117 6197
5 2 117 11109
5 2 120 6212
5 2 120 11081
5 2 132 6078
5 2 132 6212
5 2 139 3050
5 2 139 3131
5 2 141 6078
5 2 141 11043
5 2 184 3044
5 2 184 11148
5 2 205 9151
5 2 205 11129
5 2 248 320
5 2 248 11234
5 2 281 395
5 2 281 6407
5 2 301 3290
5 2 301 6380
5 2 320 9234
5 2 327 3272
5 2 327 3320
5 2 334 3324
5 2 334 11260
5 2 340 396
5 2 340 471
5 2 354 11234
5 2 354 11353
5 2 366 6303
5 2 366 9302
5 2 375 6521
5 2 375 11359
5 2 388 6236
5 2 388 11260
5 2 391 9498
5 2 391 11456
5 2 395 11245
5 2 396 3389
5 2 396 11381
5 2 432 576
5 2 432 11473
5 2 467 3544
5 2 467 6416
5 2 471 6587
5 2 478 514
5 2 478 9496
5 2 483 9432
5 2 483 11308
5 2 487 544
5 2 487 579
5 2 489 525
5 2 489 3507
5 2 503 9478
5 2 503 9495
5 2 504 525
5 2 504 9465
5 2 507 9239
5 2 507 11446
5 2 514 6559
5 2 516 3516
5 2 516 6598
5 2 529 3547
5 2 529 9486
5 2 537 6236
5 2 537 9496
5 2 542 3552
5 2 542 6536
5 2 544 6587
5 2 554 576
5 2 554 7322
5 2 556 1985
5 2 556 12882
5 2 568 737
5 2 568 3722
5 2 574 11546
5 2 574 11715
5 2 579 3582
5 2 589 6488
5 2 589 6568
5 2 649 9614
5 2 649 9919
5 2 655 3659
5 2 655 6657
5 2 674 6677
5 2 674 9617
5 2 689 3685
5 2 689 11637
5 2 689 11656
5 2 692 3705
5 2 705 3686
5 2 705 3722
5 2 718 3710
5 2 718 3806
5 2 737 11715
5 2 743 3931
5 2 743 9710
5 2 754 3757
5 2 754 11686
5 2 785 947
5 2 785 11778
5 2 823 4727
5 2 823 11757
5 2 849 3893
5 2 849 9887
5 2 863 976
5 2 863 13377
5 2 893 9791
5 2 893 11774
5 2 896 3938
5 2 896 11820
5 2 922 3893
5 2 922 9833
5 2 922 9902
5 2 924 11805
5 2 924 11885
5 2 936 966
5 2 936 3526
5 2 947 3851
5 2 966 13377
5 2 976 1109
5 2 1001 1161
5 2 1001 4148
5 2 1004 7508
5 2 1004 9958
5 2 1086 4206
5 2 1086 13396
5 2 1092 11946
5 2 1109 4109
5 2 1134 10022
5 2 1134 11761
5 2 1137 4140
5 2 1137 10480
5 2 1147 4003
5 2 1147 12886
5 2 1161 11973
5 2 1182 9998
5 2 1257 5193
5 2 1257 10132
5 2 1257 10787
5 2 1349 7013
5 2 1631 4951
5 2 1631 10383
5 2 1753 12024
5 2 1753 12513
5 2 1809 12570
5 2 1809 12627
5 2 1861 7859
5 2 1861 10581
5 2 1882 4964
5 2 1882 10817
5 2 1888 2000
5 2 1888 8009
5 2 1893 6999
5 2 1893 11865
5 2 1898 5002
5 2 1898 10825
5 2 1963 4928
5 2 1963 10873
5 2 1965 7913
5 2 1972 3883
5 2 1972 6897
5 2 1972 12552
5 2 1978 8090
5 2 1978 10139
5 2 1985 8081
5 2 1988 2075
5 2 1988 13087
5 2 1991 8121
5 2 1991 10825
5 2 2000 4893
5 2 2000 7491
5 2 2023 4969
5 2 2023 10747
5 2 2031 2075
5 2 2031 8017
5 2 2054 4971
5 2 2054 12868
5 2 2078 8053
5 2 2078 10789
5 2 2086 10794
5 2 2086 12868
5 2 2089 5005
5 2 2089 8001
5 2 2111 5148
5 2 2111 8175
5 2 3013 3131
5 2 3013 11043
5 2 3044 3138
5 2 3050 9105
5 2 3062 6024
5 2 3104 6024
5 2 3104 6165
5 2 3151 6174
5 2 3151 9150
5 2 3203 3293
5 2 3203 3507
5 2 3205 3301
5 2 3205 6384
5 2 3247 6273
5 2 3247 11353
5 2 3267 6220
5 2 3267 11370
5 2 3272 6407
5 2 3279 6303
5 2 3279 9399
5 2 3290 11330
5 2 3293 3350
5 2 3299 3571
5 2 3299 3705
5 2 3301 7239
5 2 3320 11391
5 2 3324 3380
5 2 3350 6292
5 2 3356 9273
5 2 3356 9330
5 2 3360 3389
5 2 3360 6382
5 2 3380 6347
5 2 3380 6402
5 2 3391 6348
5 2 3391 6380
5 2 3391 9302
5 2 3418 6418
5 2 3418 6559
5 2 3427 4986
5 2 3427 10451
5 2 3444 11456
5 2 3444 11562
5 2 3456 4003
5 2 3488 3547
5 2 3488 6537
5 2 3488 11562
5 2 3490 6601
5 2 3490 9487
5 2 3501 11446
5 2 3516 9444
5 2 3522 11359
5 2 3522 11468
5 2 3524 6549
5 2 3524 9486
5 2 3526 6990
5 2 3529 3555
5 2 3529 11484
5 2 3544 6567
5 2 3553 3569
5 2 3553 11556
5 2 3555 3582
5 2 3561 9524
5 2 3561 11468
5 2 3569 11525
5 2 3571 9555
5 2 3602 4270
5 2 3602 9754
5 2 3659 3671
5 2 3671 6533
5 2 3671 9478
5 2 3677 6861
5 2 3677 9671
5 2 3685 9825
5 2 3700 3716
5 2 3700 11666
5 2 3710 6732
5 2 3710 11830
5 2 3716 11679
5 2 3724 6706
5 2 3724 11686
5 2 3757 11409
5 2 3778 4270
5 2 3784 6861
5 2 3784 9911
5 2 3802 9789
5 2 3802 9808
5 2 3806 6911
5 2 3806 11722
5 2 3816 3954
5 2 3816 6878
5 2 3824 6845
5 2 3824 6984
5 2 3851 11829
5 2 3859 6841
5 2 3859 11766
5 2 3863 6845
5 2 3863 6882
5 2 3867 3883
5 2 3867 10894
5 2 3878 6882
5 2 3878 6911
5 2 3893 6895
5 2 3893 11774
5 2 3909 7213
5 2 3909 13223
5 2 3931 9857
5 2 3938 9767
5 2 3954 13223
5 2 3957 6929
5 2 3957 6984
5 2 3969 9839
5 2 3969 11885
5 2 4032 7092
5 2 4032 7109
5 2 4032 10022
5 2 4073 7011
5 2 4073 9947
5 2 4088 4161
5 2 4088 4206
5 2 4114 9958
5 2 4114 11933
5 2 4140 9843
5 2 4142 4172
5 2 4142 11960
5 2 4148 11913
5 2 4161 11922
5 2 4172 7187
5 2 4172 10125
5 2 4187 7013
5 2 4187 7150
5 2 4270 4345
5 2 4486 7001
5 2 4486 10383
5 2 4519 7019
5 2 4519 7508
5 2 4590 7449
5 2 4590 10393
5 2 4611 4624
5 2 4611 12878
5 2 4624 7617
5 2 4727 11814
5 2 4757 10391
5 2 4757 12513
5 2 4814 12024
5 2 4814 12570
5 2 4864 7859
5 2 4864 12406
5 2 4893 8053
5 2 4925 7240
5 2 4925 10132
5 2 4928 5089
5 2 4951 10876
5 2 4964 5080
5 2 4969 10482
5 2 4971 12829
5 2 4986 8081
5 2 4994 8121
5 2 4994 10918
5 2 5002 10794
5 2 5005 5089
5 2 5021 7913
5 2 5021 13088
5 2 5026 5317
5 2 5026 10747
5 2 5038 10894
5 2 5038 12811
5 2 5061 10769
5 2 5061 12811
5 2 5080 10918
5 2 5115 5148
5 2 5115 10945
5 2 5193 12882
5 2 5232 8175
5 2 5232 13337
5 2 5317 13285
5 2 6050 9149
5 2 6103 9239
5 2 6125 6165
5 2 6125 9147
5 2 6127 9117
5 2 6127 9149
5 2 6174 6197
5 2 6220 9241
5 2 6220 9341
5 2 6221 7239
5 2 6221 9239
5 2 6273 9399
5 2 6290 6348
5 2 6290 9395
5 2 6292 11322
5 2 6347 9290
5 2 6382 9380
5 2 6402 11245
5 2 6416 11430
5 2 6418 9555
5 2 6418 11542
5 2 6488 9486
5 2 6521 11505
5 2 6533 6547
5 2 6536 9510
5 2 6537 9444
5 2 6547 9523
5 2 6549 9524
5 2 6567 9290
5 2 6568 9517
5 2 6575 11395
5 2 6575 11484
5 2 6597 11409
5 2 6597 11546
5 2 6601 9432
5 2 6657 9597
5 2 6677 9614
5 2 6677 11636
5 2 6706 11636
5 2 6710 11656
5 2 6713 9450
5 2 6713 9654
5 2 6762 9710
5 2 6762 9737
5 2 6812 6966
5 2 6812 9764
5 2 6823 6929
5 2 6823 9789
5 2 6828 7109
5 2 6828 10480
5 2 6841 9767
5 2 6874 9808
5 2 6874 9825
5 2 6878 9857
5 2 6878 11766
5 2 6895 9833
5 2 6897 12765
5 2 6911 9850
5 2 6966 13223
5 2 6990 9791
5 2 6993 9767
5 2 6993 11870
5 2 6999 7240
5 2 7001 7151
5 2 7019 7596
5 2 7025 11973
5 2 7025 12069
5 2 7072 11960
5 2 7072 12031
5 2 7092 9987
5 2 7150 11952
5 2 7151 13396
5 2 7187 10100
5 2 7212 11946
5 2 7212 12031
5 2 7213 9933
5 2 7239 9297
5 2 7322 11591
5 2 7449 10391
5 2 7491 12333
5 2 7596 7948
5 2 7617 7630
5 2 7630 10482
5 2 7635 10406
5 2 7635 12491
5 2 7636 10945
5 2 7636 12438
5 2 7641 10262
5 2 7641 12383
5 2 7798 10553
5 2 7913 8089
5 2 7948 11865
5 2 8001 10876
5 2 8007 10139
5 2 8007 10843
5 2 8009 10873
5 2 8017 12823
5 2 8076 11952
5 2 8076 12743
5 2 8089 10773
5 2 8090 10789
5 2 8236 10773
5 2 8236 12753
5 2 9105 9150
5 2 9147 11125
5 2 9151 11040
5 2 9234 11109
5 2 9238 9294
5 2 9238 11359
5 2 9241 11220
5 2 9241 11322
5 2 9245 9273
5 2 9245 11381
5 2 9294 9320
5 2 9320 9347
5 2 9330 9395
5 2 9330 11268
5 2 9341 11391
5 2 9380 11335
5 2 9427 11430
5 2 9432 11460
5 2 9444 9472
5 2 9450 12312
5 2 9465 11424
5 2 9472 11549
5 2 9487 9549
5 2 9495 9510
5 2 9496 11505
5 2 9498 11456
5 2 9523 11506
5 2 9527 11525
5 2 9527 11666
5 2 9549 11473
5 2 9569 11525
5 2 9569 11542
5 2 9569 11556
5 2 9597 11565
5 2 9654 11637
5 2 9660 9690
5 2 9690 11679
5 2 9737 11565
5 2 9754 11722
5 2 9814 9855
5 2 9814 11757
5 2 9839 9917
5 2 9843 11761
5 2 9850 11830
5 2 9855 9911
5 2 9887 11778
5 2 9902 9919
5 2 9917 11820
5 2 9933 11870
5 2 9947 11922
5 2 9987 11933
5 2 9987 12069
5 2 9998 12072
5 2 10100 12072
5 2 10262 13008
5 2 10360 10513
5 2 10360 12438
5 2 10393 11589
5 2 10406 12383
5 2 10451 10507
5 2 10480 12432
5 2 10507 12432
5 2 10553 10581
5 2 10769 13088
5 2 10787 10817
5 2 10843 12041
5 2 10886 12753
5 2 10886 12823
5 2 10934 13337
5 2 10934 13339
5 2 11040 11147
5 2 11081 11164
5 2 11125 11164
5 2 11129 11148
5 2 11220 11353
5 2 11268 11330
5 2 11308 11335
5 2 11395 11460
5 2 11409 11424
5 2 11506 11518
5 2 11518 11549
5 2 11589 12312
5 2 11591 13008
5 2 11814 12765
5 2 12041 12868
5 2 12333 12491
5 2 12552 12627
5 2 12743 12829
5 2 12829 12886
5 2 12878 13087
5 2 13285 13340
5 2 13339 13340
