1 37
1 53
1 66
1 67
1 105
1 108
1 109
1 117
1 121
1 122
1 130
1 136
1 138
1 153
1 156
1 158
1 165
1 169
1 185
1 191
1 192
1 197
1 200
1 211
1 241
1 271
1 279
1 284
1 285
1 290
1 299
1 303
2 306
1 311
1 317
1 321
1 322
1 343
1 347
1 351
2 362
1 374
1 377
1 382
2 383
1 385
3 391
1 392
1 399
1 400
1 402
1 406
1 407
1 408
1 413
1 414
2 418
1 422
1 425
1 438
1 442
1 454
1 476
1 485
1 487
1 488
2 489
2 512
1 514
3 516
1 522
3 525
1 538
2 540
1 541
1 552
1 557
1 560
1 564
1 565
1 575
1 577
1 587
1 591
1 592
1 603
1 607
1 611
1 620
1 628
2 650
1 651
1 657
1 658
2 663
1 665
1 673
1 678
1 686
2 688
1 690
3 692
1 697
1 705
1 707
1 708
1 717
1 719
1 721
1 726
2 732
2 740
1 758
1 772
1 773
1 775
1 778
2 788
1 792
1 793
1 804
1 806
2 819
1 833
1 849
1 853
1 858
1 863
1 867
1 869
1 875
1 876
1 883
1 885
1 893
1 895
1 898
1 904
1 911
1 914
1 919
1 924
1 925
1 934
1 935
1 936
1 937
1 947
2 949
2 957
1 970
1 988
1 989
1 994
1 1003
2 1005
1 1010
1 1015
1 1020
2 1025
1 1029
1 1047
1 1048
1 1052
1 1055
1 1063
1 1065
1 1068
1 1069
1 1070
1 1071
1 1083
3 1086
1 1088
3 1092
1 1104
1 1109
2 1117
1 1130
1 1136
1 1145
1 1148
2 1149
1 1150
1 1176
1 1180
3 1182
1 1205
1 1208
1 1221
1 1269
1 1273
1 1278
1 1283
2 1319
1 1321
2 1330
3 1349
1 1367
2 1377
1 1384
1 1403
2 1408
1 1415
1 1421
1 1424
1 1440
1 1449
1 1459
1 1463
1 1464
1 1467
1 1468
1 1488
1 1492
1 1493
1 1517
1 1530
1 1536
1 1553
1 1554
2 1562
1 1573
1 1591
1 1595
1 1597
2 1599
1 1606
1 1612
1 1614
1 1636
1 1641
2 1652
1 1659
1 1668
1 1684
1 1690
1 1693
1 1747
1 1751
1 1770
1 1776
1 1794
1 1806
2 1814
1 1819
1 1821
1 1827
1 1836
1 1843
1 1866
1 1891
2 1896
1 1900
1 1903
1 1908
1 1909
1 1910
1 1939
1 1944
1 1950
1 1951
3 1965
1 1970
1 1984
1 2004
2 2008
1 2009
1 2013
1 2015
1 2016
1 2017
1 2021
1 2022
1 2023
1 2024
1 2026
1 2033
1 2038
1 2050
1 2056
1 2065
1 2072
1 2074
1 2075
1 2077
1 2080
1 2081
3 2086
1 2089
2 2097
1 2103
1 2106
1 2111
1 2115
1 2136
2 2152
1 2156
1 2160
1 2161
1 2194
1 2195
1 2196
1 2197
1 2210
1 2211
1 2220
1 2224
1 2226
1 2489
1 3010
1 3022
1 3048
1 3061
1 3073
1 3083
1 3095
1 3117
1 3118
1 3122
1 3125
1 3134
1 3136
1 3137
1 3140
1 3150
3 3151
1 3152
1 3174
1 3206
2 3211
1 3230
1 3235
1 3254
1 3255
1 3262
2 3273
1 3277
1 3284
1 3288
1 3295
1 3299
1 3309
1 3311
3 3320
1 3325
1 3338
1 3350
2 3364
1 3369
1 3379
1 3398
1 3414
1 3423
1 3427
1 3444
3 3456
1 3457
1 3458
1 3473
1 3491
1 3496
3 3501
1 3507
1 3513
1 3516
1 3522
1 3525
1 3526
3 3529
2 3530
1 3535
3 3544
1 3545
1 3547
1 3548
1 3550
3 3552
1 3560
1 3561
1 3568
3 3569
1 3576
1 3578
1 3580
1 3581
1 3583
1 3585
1 3594
1 3604
1 3614
1 3617
1 3618
1 3652
1 3653
1 3658
1 3663
2 3671
1 3672
1 3673
1 3674
1 3679
3 3686
1 3689
1 3700
1 3720
1 3734
1 3768
1 3772
2 3775
3 3778
2 3780
1 3790
1 3795
1 3796
1 3798
1 3816
1 3838
1 3844
1 3856
1 3874
3 3878
1 3882
1 3893
1 3910
1 3914
1 3927
1 3933
1 3936
1 3937
3 3938
1 3943
1 3945
1 3951
1 3954
3 3957
2 3960
1 3962
1 3973
1 3976
1 3979
1 3983
1 3988
1 3992
1 3995
1 3996
1 4001
1 4008
1 4014
1 4052
1 4056
1 4073
1 4075
2 4076
1 4078
1 4088
1 4091
1 4098
2 4102
1 4106
1 4108
3 4109
1 4111
2 4112
1 4118
1 4126
1 4130
2 4135
1 4159
1 4161
1 4174
2 4179
2 4180
1 4181
1 4189
1 4190
1 4196
1 4202
1 4205
1 4206
1 4226
1 4241
1 4245
1 4268
1 4282
1 4285
1 4286
1 4288
1 4311
2 4315
1 4329
1 4333
3 4345
1 4354
1 4357
1 4401
1 4425
1 4435
1 4458
1 4463
1 4464
1 4477
1 4501
1 4504
1 4512
1 4516
1 4534
1 4543
1 4548
1 4562
2 4569
1 4572
1 4598
1 4605
1 4608
1 4609
1 4611
2 4619
1 4640
1 4641
1 4652
1 4682
1 4696
1 4704
1 4705
1 4709
1 4724
1 4739
1 4740
1 4783
1 4797
1 4799
1 4800
2 4801
1 4823
1 4824
1 4859
1 4860
1 4865
1 4872
1 4879
1 4887
1 4893
1 4901
1 4904
2 4925
1 4927
1 4928
1 4941
1 4948
1 4950
2 4956
1 4965
1 4967
1 4973
1 4975
1 4980
1 4982
1 4987
1 4989
1 4999
1 5010
1 5014
1 5015
1 5023
1 5025
1 5029
1 5031
1 5033
1 5034
1 5037
1 5049
1 5064
1 5068
1 5074
1 5082
1 5097
1 5100
1 5105
1 5107
1 5112
1 5117
1 5120
1 5121
1 5128
1 5131
1 5139
1 5151
1 5153
1 5163
1 5165
1 5166
1 5168
1 5169
1 5173
1 5187
1 5193
1 5199
1 5201
1 5210
1 5214
1 5215
1 5221
1 5228
2 5230
1 6009
1 6013
3 6050
1 6062
1 6082
1 6087
3 6103
2 6115
1 6124
1 6132
1 6141
1 6142
1 6151
1 6181
1 6222
1 6229
1 6232
1 6235
2 6237
1 6241
2 6245
1 6262
1 6269
1 6278
1 6282
3 6287
1 6296
1 6300
1 6310
1 6313
1 6314
1 6318
1 6322
2 6332
1 6336
2 6338
2 6344
1 6345
1 6364
1 6375
2 6377
3 6380
3 6384
2 6389
1 6393
1 6398
1 6415
1 6418
2 6420
1 6421
1 6449
1 6459
1 6464
2 6469
2 6474
3 6488
1 6496
1 6502
1 6519
3 6521
1 6526
1 6530
1 6536
1 6547
1 6557
2 6558
1 6560
1 6562
1 6571
1 6573
1 6583
1 6593
3 6598
1 6606
2 6613
1 6622
1 6626
1 6650
1 6652
1 6657
1 6666
1 6670
1 6671
1 6682
1 6696
1 6701
1 6704
1 6706
3 6710
1 6712
2 6720
1 6727
3 6732
1 6734
1 6761
1 6766
1 6768
1 6788
1 6790
1 6793
1 6807
1 6813
1 6814
1 6826
1 6831
1 6832
3 6845
1 6855
1 6857
1 6864
1 6875
1 6880
1 6882
1 6886
1 6888
1 6889
2 6890
1 6900
1 6902
1 6904
2 6906
2 6912
1 6913
1 6919
1 6923
1 6927
1 6928
1 6933
1 6935
1 6940
1 6946
1 6952
1 6966
1 6973
1 6979
1 6983
1 6984
1 6990
1 6992
1 6994
1 6996
1 6997
3 6999
1 7005
3 7011
1 7014
1 7025
2 7069
1 7071
3 7072
1 7081
1 7087
1 7097
2 7101
1 7108
1 7110
1 7125
1 7127
1 7132
2 7137
1 7138
1 7151
1 7158
2 7169
1 7174
2 7183
1 7186
1 7191
1 7193
1 7197
1 7199
1 7202
1 7211
2 7212
1 7213
1 7222
1 7236
1 7244
1 7251
1 7254
1 7259
1 7274
1 7290
1 7294
1 7301
1 7314
2 7315
1 7329
1 7341
1 7351
1 7361
1 7375
1 7376
1 7381
1 7387
1 7394
2 7408
1 7454
1 7476
1 7480
1 7500
1 7520
1 7530
2 7552
2 7564
1 7566
1 7588
1 7590
1 7597
1 7603
1 7604
1 7617
2 7620
1 7621
1 7622
1 7630
1 7631
1 7656
1 7660
2 7661
1 7669
1 7676
1 7708
1 7717
1 7757
1 7789
3 7798
1 7799
1 7805
1 7822
1 7834
1 7835
1 7843
1 7848
3 7859
1 7899
1 7909
1 7911
1 7912
2 7921
1 7953
1 7959
1 7960
1 7965
1 7971
1 7982
1 7990
1 7994
1 8001
1 8010
2 8011
1 8018
1 8019
1 8031
1 8032
1 8034
1 8036
1 8038
1 8040
1 8043
1 8049
1 8051
1 8073
1 8085
2 8087
2 8089
1 8093
2 8097
1 8098
1 8113
1 8123
1 8124
1 8127
1 8161
1 8181
1 8191
1 8193
1 8194
1 8214
1 8216
1 8217
1 8222
1 8245
1 8248
1 8251
1 8252
1 9061
1 9075
1 9108
1 9116
1 9126
1 9131
1 9140
1 9147
1 9149
1 9167
1 9183
1 9197
1 9206
1 9221
1 9228
1 9238
1 9258
1 9259
1 9263
1 9279
1 9288
1 9289
1 9292
1 9296
3 9297
1 9303
1 9304
2 9315
1 9329
1 9334
1 9335
1 9340
3 9347
2 9355
1 9357
1 9363
1 9375
1 9377
2 9379
2 9392
1 9393
1 9402
2 9417
1 9418
3 9427
1 9432
2 9434
1 9449
3 9450
1 9452
1 9456
2 9458
1 9463
1 9471
1 9483
1 9490
1 9494
1 9495
1 9496
3 9498
1 9503
2 9508
1 9509
1 9511
3 9517
1 9518
1 9536
1 9542
1 9557
2 9559
1 9561
1 9563
1 9567
1 9569
2 9570
1 9571
1 9575
1 9582
1 9595
1 9600
1 9602
1 9606
1 9608
1 9610
1 9612
1 9613
1 9616
3 9617
2 9620
1 9628
1 9630
1 9635
1 9638
1 9642
1 9646
1 9649
3 9660
1 9665
1 9670
3 9671
1 9672
1 9680
1 9681
2 9692
1 9694
1 9702
1 9710
1 9713
1 9716
3 9737
1 9741
1 9752
1 9753
3 9764
1 9771
1 9772
1 9780
1 9783
1 9787
1 9793
1 9799
1 9805
1 9807
1 9809
3 9814
2 9817
1 9821
1 9823
1 9832
3 9833
1 9840
1 9843
1 9849
1 9856
1 9860
1 9868
1 9869
2 9887
1 9890
2 9893
1 9894
1 9898
2 9902
2 9904
1 9907
1 9909
1 9914
1 9919
2 9932
1 9938
1 9940
1 9945
1 9948
2 9950
1 9958
1 9962
1 9970
1 9974
2 9975
1 9979
1 9989
1 9990
1 9994
3 9998
1 10000
1 10004
1 10007
2 10015
1 10024
1 10027
2 10032
1 10038
1 10041
1 10055
1 10061
1 10062
1 10068
1 10070
2 10074
1 10076
1 10099
1 10106
1 10110
1 10115
1 10118
1 10122
3 10125
1 10128
1 10149
1 10172
1 10173
1 10199
1 10201
1 10203
1 10212
1 10230
1 10237
1 10243
1 10246
1 10254
1 10256
1 10260
1 10263
2 10265
1 10278
1 10297
1 10309
1 10311
1 10312
1 10329
2 10337
1 10344
2 10362
1 10370
1 10372
1 10383
1 10397
2 10400
1 10404
1 10405
2 10412
1 10433
1 10438
2 10444
1 10447
1 10459
1 10463
1 10472
1 10488
1 10493
1 10502
3 10513
1 10545
1 10580
1 10612
1 10627
1 10641
1 10671
1 10696
2 10717
1 10729
1 10730
1 10737
2 10747
1 10750
1 10760
1 10765
1 10769
2 10772
1 10781
1 10782
1 10803
2 10830
1 10833
1 10836
2 10837
1 10840
1 10841
1 10854
1 10856
1 10862
1 10879
1 10882
1 10886
1 10889
1 10898
1 10906
1 10913
1 10919
1 10929
1 10933
1 10934
1 10946
1 10953
1 10964
1 10966
1 10970
2 10980
1 10999
1 11001
1 11007
1 11023
1 11050
1 11061
1 11064
1 11091
2 11105
1 11114
1 11125
1 11127
1 11141
1 11148
1 11151
1 11155
1 11159
1 11164
1 11186
1 11202
1 11211
1 11215
1 11218
1 11225
1 11234
1 11241
1 11248
1 11279
2 11293
1 11297
1 11301
1 11305
1 11312
1 11332
1 11336
1 11343
1 11350
1 11351
1 11360
3 11370
1 11371
1 11372
2 11375
1 11380
1 11388
1 11391
1 11398
1 11401
1 11405
1 11411
1 11413
1 11430
1 11432
1 11435
1 11448
2 11461
1 11465
1 11467
1 11476
1 11479
2 11483
3 11493
1 11498
1 11499
1 11503
1 11504
3 11506
1 11516
2 11519
1 11522
1 11523
1 11528
1 11531
1 11537
3 11542
2 11544
2 11548
1 11560
1 11561
1 11562
1 11563
1 11564
1 11570
1 11580
1 11581
1 11583
2 11584
2 11586
1 11598
1 11599
1 11612
1 11614
1 11617
1 11625
1 11627
1 11640
1 11646
1 11654
1 11659
3 11666
2 11670
1 11673
1 11683
1 11691
1 11696
1 11700
1 11704
1 11707
2 11723
1 11724
1 11734
2 11747
1 11753
1 11764
1 11767
1 11771
1 11773
1 11774
2 11778
1 11797
2 11800
1 11801
3 11805
1 11810
1 11811
1 11813
1 11818
1 11822
1 11825
1 11826
3 11829
1 11831
2 11834
1 11835
1 11836
1 11837
1 11844
2 11846
1 11848
1 11853
1 11857
1 11860
1 11865
1 11880
2 11881
2 11883
1 11891
1 11894
1 11899
1 11901
1 11907
3 11913
1 11921
1 11925
1 11929
1 11931
2 11932
1 11954
3 11960
2 11969
1 11970
1 11972
1 11974
1 11977
1 11981
1 11984
1 11985
1 11999
1 12002
1 12003
1 12019
1 12021
1 12026
1 12034
1 12038
1 12046
1 12049
1 12051
1 12058
1 12068
1 12071
1 12077
1 12087
1 12089
1 12090
1 12100
1 12103
1 12114
1 12118
1 12120
1 12140
1 12148
1 12149
1 12154
1 12189
1 12190
1 12213
1 12223
1 12228
1 12237
1 12240
1 12248
1 12251
1 12262
1 12268
1 12295
2 12299
1 12304
1 12306
1 12309
1 12320
1 12321
1 12331
1 12333
1 12350
1 12356
1 12357
2 12364
1 12366
1 12371
1 12376
2 12384
1 12387
3 12406
1 12413
1 12421
1 12432
1 12434
1 12441
1 12446
1 12448
1 12450
1 12459
2 12461
1 12465
1 12467
1 12468
1 12473
1 12476
1 12485
1 12489
1 12501
1 12505
1 12512
1 12549
1 12557
1 12583
1 12586
2 12589
1 12594
1 12612
1 12644
1 12674
1 12683
1 12702
1 12714
1 12723
1 12724
1 12725
1 12726
1 12727
2 12732
1 12735
1 12738
1 12746
1 12754
1 12757
1 12763
1 12766
1 12773
1 12782
1 12787
1 12790
2 12798
1 12806
1 12810
1 12811
1 12812
1 12823
1 12830
1 12831
1 12832
2 12835
1 12853
1 12857
1 12865
1 12885
1 12891
2 12910
1 12922
1 12925
2 12930
1 12933
1 12939
1 12941
1 12942
1 12951
1 12960
1 12964
1 12975
1 12978
1 12984
1 12986
1 12987
1 12989
1 12991
2 12994
2 12997
1 13003
1 13010
1 13011
1 13014
1 13021
1 13025
1 13028
1 13038
1 13041
1 13046
1 13047
1 13052
1 13063
1 13067
1 13068
1 13071
1 13086
1 13087
2 13089
1 13090
1 13091
1 13150
1 13204
1 13206
1 13238
1 13240
1 13242
1 13243
1 13244
1 13246
1 13247
1 13248
1 13250
1 13255
1 13256
1 13258
1 13278
1 13286
1 13288
1 13289
1 13294
1 13300
1 13307
1 13309
1 13312
1 13313
1 13365
1 13366
1 13376
1 13378
1 13395
1 13397
1 13398
1 13400
1 13401
1 13403
1 13404
1 13405
1 13406
1 13407
